tensor([ 4.8471e-01, -5.1529e-01,  3.8354e-01, -6.1646e-01,  3.5658e-01,
         4.2047e-01, -1.1563e-01, -5.4414e+01, -3.3950e+02, -1.6814e-01,
         0.0000e+00,  6.2910e-01,  7.1316e-01,  1.1872e-01,  1.0000e+00,
         2.0585e+02, -1.0294e-01, -9.6458e-02,  2.6728e-01,  1.8897e+04,
        -2.7906e+00,  1.0000e+00,  2.0532e+02, -1.0294e-01, -9.6458e-02,
         2.6728e-01,  2.5168e+04,  2.7517e+00,  1.0000e+00, -4.0066e-01])

tensor([ 4.8449e-01, -5.1551e-01,  3.8361e-01, -6.1639e-01,  3.5658e-01,
         4.2026e-01, -1.1556e-01, -5.4513e+01, -3.3966e+02, -2.1096e-02,
         0.0000e+00,  6.2916e-01,  7.1337e-01,  1.1849e-01,  1.0000e+00,
         2.0387e+02, -1.0279e-01, -9.6676e-02,  2.6788e-01,  1.8857e+04,
        -2.7910e+00,  1.0000e+00,  2.0077e+02, -1.0279e-01, -9.6676e-02,
         2.6788e-01,  2.5118e+04,  2.7484e+00,  1.0000e+00, -4.6702e-01])

敌机信号消失
tensor([ 9.3825e-01, -6.1748e-02,  2.5265e-01, -7.4735e-01,  3.6842e-01,
         8.7402e-01, -2.4652e-01,  5.5882e-05, -2.4640e+02,  0.0000e+00,
         0.0000e+00,  9.3673e-01,  7.5267e-01,  3.6842e-01,  0.0000e+00,
         0.0000e+00,  0.0000e+00,  0.0000e+00,  0.0000e+00,  0.0000e+00,
         0.0000e+00,  0.0000e+00,  0.0000e+00,  0.0000e+00,  0.0000e+00,
         0.0000e+00,  0.0000e+00,  0.0000e+00,  0.0000e+00,  0.0000e+00])

tensor([ 9.3810e-01, -6.1902e-02,  2.5265e-01, -7.4735e-01,  3.6842e-01,
         8.7386e-01, -2.4652e-01, -4.9513e-02, -2.4640e+02,  0.0000e+00,
         0.0000e+00,  9.3658e-01,  7.5267e-01,  3.6842e-01,  0.0000e+00,
         0.0000e+00,  0.0000e+00,  0.0000e+00,  0.0000e+00,  0.0000e+00,
         0.0000e+00,  0.0000e+00,  0.0000e+00,  0.0000e+00,  0.0000e+00,
         0.0000e+00,  0.0000e+00,  0.0000e+00,  0.0000e+00,  0.0000e+00])